index,0,1,2
26457,0.11542869400511131,0.17553291643258703,0.7090383895623016
26458,0.3554578477412583,0.20021820597900852,0.44432394627973326
26459,0.036076516629257434,0.07768838072645913,0.8862351026442836
26460,0.05587419857981258,0.07882560768211468,0.8653001937380728
26461,0.08181276017271474,0.21964392782687972,0.6985433120004056
26462,0.05096403806721499,0.13633129905046273,0.8127046628823222
26463,0.5900028164037706,0.39036264517896574,0.019634538417263796
26464,0.04874922572994934,0.08326630950189139,0.8679844647681594
26465,0.056291074753706795,0.08337234205351987,0.8603365831927733
26466,0.06001371717932469,0.2792062546560615,0.6607800281646138
26467,0.1287185586943207,0.10293988932693714,0.7683415519787422
26468,0.03975640172508823,0.08068886554712716,0.8795547327277844
26469,0.5646226221268968,0.1153054396710353,0.3200719382020678
26470,0.0740562574973102,0.4279460502118403,0.4979976922908495
26471,0.10299180437553844,0.13659696063092655,0.7604112349935349
26472,0.06947496602294069,0.28174233547880984,0.6487826984982495
26473,0.04502932901999761,0.07237943212424701,0.8825912388557554
26474,0.3200615560918796,0.6601026706062196,0.019835773301900946
26475,0.3297033281928025,0.1445059926684844,0.5257906791387131
26476,0.039699585695046925,0.09032774281457333,0.8699726714903797
26477,0.19830451632849946,0.21234633136140768,0.5893491523100929
26478,0.05423619685901221,0.08346062506336396,0.8623031780776238
26479,0.03759111458674459,0.07662856020681907,0.8857803252064363
26480,0.05561430118434708,0.07619051125441115,0.8681951875612419
26481,0.06394786825235357,0.24649720358801683,0.6895549281596296
26482,0.12225057156150203,0.10307447838342557,0.7746749500550724
26483,0.048553650174186405,0.13373558679606698,0.8177107630297465
26484,0.06461641270732268,0.12896973690296495,0.8064138503897124
26485,0.03992786868276115,0.07393529644448947,0.8861368348727494
26486,0.07791468257866832,0.14082429674729838,0.7812610206740334
26487,0.0779480582224031,0.10489834001611299,0.817153601761484
26488,0.32311390363829423,0.643208621569964,0.03367747479174185
26489,0.05987215144802294,0.23130886448375546,0.7088189840682216
26490,0.06659783446118318,0.12314274489312406,0.8102594206456928
26491,0.04798278670491473,0.1301474374807609,0.8218697758143245
26492,0.06072496615314846,0.34023705853620545,0.5990379753106462
26493,0.1871326706439571,0.8060708161271952,0.006796513228847621
26494,0.07139090657566075,0.42028355439539555,0.5083255390289437
26495,0.046095641044602155,0.07592668992896873,0.877977669026429
26496,0.07310602771657569,0.16934468626250507,0.7575492860209193
26497,0.028279183478575956,0.8391009151396955,0.13261990138172855
26498,0.16542890703547022,0.5192206834780352,0.31535040948649445
26499,0.11217171323212585,0.137762628352652,0.7500656584152221
26500,0.07368759701754563,0.42179537842065445,0.5045170245617999
26501,0.08425346023725012,0.4019681881638704,0.5137783515988794
26502,0.0699838727943156,0.09869393310633781,0.8313221940993465
26503,0.07697410935646856,0.4129216459232872,0.5101042447202443
26504,0.11757108263075822,0.17875118152531383,0.703677735843928
26505,0.05779428666460514,0.08754221312429697,0.8546635002110979
26506,0.14676447701557302,0.8301333748685498,0.023102148115877203
26507,0.09344079295789752,0.8887543055517206,0.017804901490381914
26508,0.1001519359115424,0.14511415928782098,0.7547339048006367
26509,0.11895179082284726,0.149547924418313,0.7315002847588397
26510,0.06510330661683567,0.211270159024511,0.7236265343586532
26511,0.04609731888450817,0.07050117658520702,0.8834015045302849
26512,0.09880912867374947,0.16118364655840134,0.7400072247678492
26513,0.13414320897373577,0.2082214696467779,0.6576353213794863
26514,0.0459333442655451,0.08222752621511563,0.8718391295193393
26515,0.3799124972944061,0.10328903419681106,0.5167984685087827
26516,0.060552024551581936,0.2395866689857213,0.6998613064626967
26517,0.18687233684225155,0.7942480871693316,0.01887957598841696
26518,0.038444000019521155,0.07240998379470398,0.8891460161857748
26519,0.39207639286941653,0.08761894342204063,0.5203046637085429
26520,0.027553915280579093,0.8388500447160862,0.1335960400033348
26521,0.07142222999869506,0.2591427644057397,0.6694350055955652
26522,0.2070229130134718,0.14791821316651246,0.6450588738200158
26523,0.10339420777576262,0.1587695652505429,0.7378362269736944
26524,0.07917368082156517,0.19408818252125326,0.7267381366571815
26525,0.11711141297220888,0.2235377687723004,0.6593508182554906
26526,0.047293534096363256,0.08120019878539762,0.8715062671182392
26527,0.13513942639382553,0.31010291629357156,0.5547576573126028
26528,0.08047630239361109,0.9042423058271148,0.015281391779274185
26529,0.45987399362888937,0.09848732081441247,0.44163868555669816
26530,0.11139751168171079,0.14598768586653682,0.7426148024517524
26531,0.05386190110803932,0.16986456969866603,0.7762735291932947
26532,0.13565437030972277,0.14608142664622895,0.7182642030440484
26533,0.09798349967618422,0.15441868146876328,0.7475978188550525
26534,0.040032833953809036,0.08734784145066664,0.8726193245955243
26535,0.04752035526534796,0.07452410733465577,0.8779555373999962
26536,0.1001701627574702,0.16570655706092746,0.7341232801816023
26537,0.06625627439995305,0.0974357114766819,0.8363080141233649
26538,0.061429408671807746,0.2662220527199419,0.6723485386082505
26539,0.04914573770854193,0.13735634557405504,0.8134979167174031
26540,0.274245565052962,0.14721537923617423,0.5785390557108637
26541,0.05051576607084896,0.09051212857783845,0.8589721053513126
26542,0.06756068489088457,0.11473505356858678,0.8177042615405287
26543,0.059990424830753904,0.08606757733861756,0.8539419978306286
26544,0.12706099650835137,0.1710668237749372,0.7018721797167113
26545,0.13317162366856966,0.3583037481172709,0.5085246282141594
26546,0.04821538832455531,0.09213835322021528,0.8596462584552296
26547,0.044769601191792456,0.0656103415872436,0.8896200572209639
26548,0.04875979030249528,0.1000629081899016,0.8511773015076032
26549,0.19310045324540143,0.7969090356331509,0.009990511121447864
26550,0.04641828350947929,0.13104567977717613,0.8225360367133445
26551,0.05504272753790213,0.14306002456412764,0.8018972478979703
26552,0.05490456147192128,0.18353931152802344,0.7615561270000554
26553,0.047573279123274234,0.0829318394108929,0.869494881465833
26554,0.09875323609357439,0.3499889012634643,0.5512578626429614
26555,0.12064286762822266,0.12969175683606343,0.7496653755357139
26556,0.06690488119455766,0.27775098890430167,0.6553441299011408
26557,0.06063201657085748,0.09510761755937974,0.8442603658697628
26558,0.582855760575214,0.09819637040059913,0.318947869024187
26559,0.28019827384633816,0.10484528841000756,0.6149564377436544
26560,0.06496969052240503,0.1036084743128392,0.8314218351647557
26561,0.05222084069377318,0.24827821353533805,0.6995009457708886
26562,0.039016432372120276,0.07278643363131473,0.8881971339965652
26563,0.048054991176395605,0.08281666944108097,0.8691283393825234
26564,0.10502399784502828,0.15210957877701076,0.7428664233779609
26565,0.11199394710893498,0.37196066706132813,0.5160453858297369
26566,0.06721064474268051,0.21366511689234288,0.7191242383649765
26567,0.08847442704330744,0.14628459672152264,0.7652409762351698
26568,0.44157058579445807,0.5293869045006604,0.029042509704881578
26569,0.047242505487407854,0.09304686059473107,0.8597106339178611
26570,0.0561941119122181,0.6202127170377466,0.32359317105003543
26571,0.06550126131794824,0.08969710077709372,0.8448016379049582
26572,0.06175079359440275,0.1667253090037192,0.7715238974018781
26573,0.10991063725799491,0.12747219209800473,0.7626171706440003
26574,0.20248938369341749,0.0960481960499333,0.7014624202566493
26575,0.07777066191194366,0.1094999517092076,0.8127293863788487
26576,0.080858868233998,0.10908699836722148,0.8100541333987805
26577,0.10618819106948066,0.12562129427461316,0.7681905146559059
26578,0.31583393843395957,0.3700477734013385,0.314118288164702
26579,0.2599618553846734,0.7274435948467873,0.012594549768539349
26580,0.062059038315360374,0.10314713386355191,0.8347938278210877
26581,0.11206407856654885,0.16968326552982466,0.7182526559036265
26582,0.04504088207418066,0.09292142881010662,0.8620376891157128
26583,0.04320531812572248,0.0694065785219949,0.8873881033522827
26584,0.09562038038646224,0.15462447633133106,0.7497551432822067
26585,0.11347355710557662,0.47857606481343323,0.40795037808099016
26586,0.30721002640145356,0.2537512934553541,0.4390386801431925
26587,0.3687920099413232,0.3735848617442187,0.2576231283144581
26588,0.0478346283368132,0.11851063704457815,0.8336547346186085
26589,0.1331654938171452,0.10520394628846838,0.7616305598943864
26590,0.10987513150165315,0.38814091629064373,0.5019839522077031
26591,0.14818647309596156,0.828078393174233,0.023735133729805458
26592,0.4649444035759556,0.10534898545539532,0.42970661096864904
26593,0.048861096936026145,0.5802130846178115,0.37092581844616235
26594,0.057005629577227816,0.08357269103069086,0.8594216793920813
26595,0.03738155552996349,0.06426295793048362,0.898355486539553
26596,0.07137696935619117,0.10242705848271183,0.8261959721610971
26597,0.6371195230960321,0.22315883933663164,0.1397216375673363
26598,0.057425851657361124,0.13567526879015512,0.8068988795524838
26599,0.054422177626354866,0.08739389177059034,0.8581839306030549
26600,0.039208338139536544,0.06771736970476877,0.8930742921556948
26601,0.060126210359487606,0.15174845817299853,0.788125331467514
26602,0.05912876816303027,0.19594213987645762,0.744929091960512
26603,0.05784699918866181,0.11980831369981935,0.8223446871115189
26604,0.04585274266420129,0.08234189069511003,0.8718053666406889
26605,0.036676661340661325,0.062282691575517,0.9010406470838217
26606,0.0693674163515083,0.40372901346984535,0.5269035701786463
26607,0.10816120662787483,0.8646705988998464,0.027168194472278834
26608,0.041305966679041205,0.08435935118687962,0.8743346821340792
26609,0.051588684092899136,0.09885094783145312,0.8495603680756479
26610,0.2220305157500079,0.7379608658517508,0.04000861839824143
26611,0.11489738469748371,0.2000220341396859,0.6850805811628303
26612,0.1118561309196528,0.413856743578305,0.4742871255020422
26613,0.06570743953735424,0.16945836564743674,0.7648341948152091
26614,0.12349321245235372,0.15679771142612048,0.7197090761215259
26615,0.11909051092049261,0.16714456278181156,0.7137649262976958
26616,0.042685966274054334,0.06760225870528154,0.8897117750206639
26617,0.08013858213665025,0.12349734265477214,0.7963640752085778
26618,0.048413531711828196,0.07845094804451683,0.873135520243655
26619,0.08026159336419668,0.16992167299987204,0.7498167336359314
26620,0.13274018502055032,0.8189767953207693,0.04828301965868051
26621,0.04780164726678237,0.0876050299644485,0.8645933227687692
26622,0.0638745994164035,0.606735140300085,0.3293902602835115
26623,0.058586415867077295,0.48490560644084124,0.45650797769208146
26624,0.08859312958209747,0.12295601128947647,0.788450859128426
26625,0.6832093602756502,0.10705813038329919,0.20973250934105056
26626,0.28115704265092667,0.11655151897656343,0.6022914383725099
26627,0.0481092141405071,0.07755263374596008,0.8743381521135327
26628,0.04038462706782055,0.0920396415894828,0.8675757313426966
26629,0.039190721280112015,0.08062915949410034,0.8801801192257875
26630,0.047359260918411285,0.09320439963125841,0.8594363394503304
26631,0.0451145261679868,0.07058004935970791,0.8843054244723055
26632,0.5379411668922824,0.08428300899594929,0.3777758241117683
26633,0.06327450370637162,0.09667169359067926,0.8400538027029492
26634,0.04993392867513909,0.08472335135689073,0.8653427199679701
26635,0.0620993846560728,0.23944088912532166,0.6984597262186056
26636,0.0643046429649504,0.3017435329542337,0.6339518240808159
26637,0.03955017184201909,0.0947951364724403,0.8656546916855407
26638,0.03706885013454554,0.7894883130421128,0.17344283682334166
26639,0.10927167800337846,0.7122778933192516,0.17845042867736996
26640,0.37608381004450137,0.15012289511055857,0.47379329484494015
26641,0.13183988574019956,0.5760710534000466,0.29208906085975395
26642,0.05418061850396179,0.09731854622444193,0.8485008352715961
26643,0.060674723793993635,0.2121063496437714,0.7272189265622351
26644,0.058775246394308193,0.10303999652503337,0.8381847570806583
26645,0.051596877773628966,0.10630546206199808,0.8420976601643729
26646,0.643492005178081,0.12876971824322575,0.22773827657869342
26647,0.03754189025781353,0.05591681050545173,0.9065412992367348
26648,0.048516648732177925,0.58975245903481,0.3617308922330121
26649,0.07121970291944545,0.10104665738217189,0.8277336396983828
26650,0.4510038122678397,0.5155518815957333,0.03344430613642706
26651,0.23957599459757165,0.7398489179972553,0.020575087405173102
26652,0.23194539288300858,0.1277690579126715,0.6402855492043199
26653,0.26945509838055215,0.1560469562896734,0.5744979453297744
26654,0.05008830680229377,0.733903497681739,0.21600819551596748
26655,0.04892132426425528,0.536915761595514,0.41416291414023065
26656,0.057676001267847,0.10228164891540527,0.8400423498167479
26657,0.07134513287446903,0.38015109955962584,0.5485037675659051
26658,0.06124560667602669,0.25590417870133964,0.6828502146226337
26659,0.13526626716753515,0.22419766579901546,0.6405360670334493
26660,0.059020919025496034,0.2378266015529256,0.7031524794215784
26661,0.20723349526830248,0.17771726643064692,0.6150492383010506
26662,0.05546513209424787,0.2850815936792814,0.6594532742264708
26663,0.05186793920988416,0.15949470567296692,0.7886373551171489
26664,0.12786984737762777,0.1483690549543485,0.7237610976680235
26665,0.15657423493111183,0.18981168080205485,0.6536140842668333
26666,0.06335541353482867,0.4339558497315343,0.502688736733637
26667,0.030398616127044715,0.058698885256159565,0.9109024986167956
26668,0.05399325833180749,0.5115961151343611,0.4344106265338315
26669,0.23815577134913934,0.2692251969636172,0.4926190316872434
26670,0.31622845625841906,0.273630409497511,0.41014113424406995
26671,0.05361376937859071,0.5803490711066834,0.3660371595147259
26672,0.05303892939635077,0.09061099221473472,0.8563500783889145
26673,0.10540377502269535,0.14247383652463866,0.7521223884526659
26674,0.670142901674854,0.06516345015736416,0.26469364816778196
26675,0.041317699887621614,0.09261266767697357,0.8660696324354048
26676,0.05632264268726161,0.12805984296952214,0.8156175143432163
26677,0.047263966942503524,0.08106423296384441,0.8716718000936521
26678,0.07193100374763862,0.22111568441906737,0.706953311833294
26679,0.11968904652164217,0.15496032849233102,0.7253506249860268
26680,0.05639327750158908,0.23218380317128445,0.7114229193271264
26681,0.039664450186114884,0.08297489609990177,0.8773606537139834
26682,0.04229831673844513,0.09177570259376241,0.8659259806677925
26683,0.07038852419734758,0.28811802590272473,0.6414934498999276
26684,0.09898802335436169,0.15755521058926966,0.7434567660563687
26685,0.2626841121737985,0.11877686749130939,0.6185390203348922
26686,0.04202879564313365,0.08947267852075148,0.8684985258361149
26687,0.11401471691861426,0.16748740006653318,0.7184978830148526
26688,0.26954481424267623,0.4783262270039048,0.25212895875341884
26689,0.09226014153601284,0.14372500979701033,0.7640148486669767
26690,0.036206446239029966,0.07760745535546175,0.8861860984055083
26691,0.14915331281174943,0.32649794005374866,0.5243487471345019
26692,0.05512024171953288,0.29955068141821006,0.6453290768622572
26693,0.3954747542047099,0.11145706113406605,0.4930681846612239
26694,0.580458423053068,0.40479844501415585,0.014743131932776082
26695,0.04865335805349714,0.081743680950258,0.8696029609962448
26696,0.0457780654166316,0.07302298584912496,0.8811989487342433
26697,0.03619164137187255,0.05800767303625814,0.9058006855918694
26698,0.039488120640396876,0.06005387455215608,0.9004580048074471
26699,0.07692447502924403,0.4107688427598315,0.5123066822109245
26700,0.06213553298630102,0.42866804181944984,0.5091964251942491
26701,0.17414375235522503,0.4062326056846193,0.4196236419601556
26702,0.09976538863996325,0.3208151007518375,0.5794195106081992
26703,0.06086441162399731,0.1178531933086724,0.8212823950673304
26704,0.04255459908735076,0.08043882827506305,0.8770065726375861
26705,0.049201419624078535,0.0651033000959444,0.8856952802799771
26706,0.04750583469618097,0.08687756991777022,0.865616595386049
26707,0.24821843086271553,0.12743415418234114,0.6243474149549435
26708,0.046263963842195076,0.07322389480316076,0.8805121413546441
26709,0.03574110267996229,0.07581995125742651,0.8884389460626115
26710,0.055904812484079795,0.10246819689152323,0.8416269906243968
26711,0.27664989222073677,0.0971924239263687,0.6261576838528945
26712,0.06351145065068473,0.18384069234661304,0.7526478570027024
26713,0.08873858068978727,0.464360663244333,0.44690075606587976
26714,0.050151850305862444,0.12471108049857746,0.8251370691955601
26715,0.07088377230084739,0.20746620570116867,0.721650021997984
26716,0.1054217653207028,0.6684269324465615,0.22615130223273577
26717,0.06503541612650249,0.18462941850227346,0.750335165371224
26718,0.1096567989384171,0.16011642348333985,0.7302267775782431
26719,0.07055287114117828,0.38525327944943183,0.5441938494093899
26720,0.09114991186207638,0.10041860454958394,0.8084314835883396
26721,0.05701620446131428,0.23886338635017235,0.7041204091885134
26722,0.18929170819708774,0.11656066513164001,0.6941476266712722
26723,0.06639954282660751,0.10851136534970553,0.825089091823687
26724,0.05767976173663489,0.5469361340261534,0.3953841042372117
26725,0.050251137396434165,0.2934467731556904,0.6563020894478755
26726,0.11393200730233187,0.3668301158604708,0.5192378768371974
26727,0.044704845655627864,0.09138611144892826,0.8639090428954438
26728,0.09667956107635028,0.1608593602692026,0.7424610786544472
26729,0.09030995419908637,0.23506240689216437,0.6746276389087493
26730,0.12883336504728696,0.5551926263310765,0.3159740086216366
26731,0.05885891308614105,0.0877719252822608,0.8533691616315981
26732,0.1791034851217687,0.8010520079185858,0.0198445069596454
26733,0.05166770869756274,0.06687331508397512,0.8814589762184619
26734,0.11606964366940035,0.17467442264700783,0.7092559336835917
26735,0.04704518542773365,0.10605811926267512,0.8468966953095913
26736,0.1002898191859397,0.19575814479114836,0.7039520360229119
26737,0.0893455059412988,0.32382810921014876,0.5868263848485525
26738,0.0408357151044067,0.07158543411739947,0.8875788507781939
26739,0.4542131692674246,0.10660778977255014,0.43917904096002525
26740,0.04356929635153372,0.09502536291759207,0.861405340730874
26741,0.11528039376398891,0.8411039703102973,0.04361563592571379
26742,0.05480712511453962,0.24317262406694115,0.7020202508185193
26743,0.10759000157742288,0.14113035935427062,0.7512796390683064
26744,0.12279477325354564,0.21872921360120656,0.6584760131452478
26745,0.0336688828999849,0.0647998362905816,0.9015312808094333
26746,0.415036033221792,0.12323748486037678,0.4617264819178312
26747,0.05731249714703852,0.4855848109516101,0.4571026919013514
26748,0.23635513502928823,0.2572530236333511,0.5063918413373606
26749,0.05412218624876488,0.13034734908265708,0.8155304646685781
26750,0.05415222954137557,0.1278056679689807,0.8180421024896438
26751,0.054533199600002955,0.11588407708586095,0.8295827233141361
26752,0.08018506206950411,0.47477895169283213,0.4450359862376637
26753,0.10042416198865113,0.14347350642909074,0.756102331582258
26754,0.0835178218726878,0.08843581190058995,0.8280463662267223
26755,0.051924581981393124,0.15667613656817939,0.7913992814504275
26756,0.12520339326567081,0.0970693048669472,0.777727301867382
26757,0.19387067466025174,0.214751370840435,0.5913779544993134
26758,0.13153770338364107,0.23569761022170357,0.6327646863946553
26759,0.09354102352558992,0.14371021872121434,0.7627487577531956
26760,0.37567283084782804,0.14213161927981524,0.48219554987235674
26761,0.060357745385651654,0.12411444575220418,0.8155278088621442
26762,0.03887087887793502,0.0666231827946907,0.8945059383273742
26763,0.038288991665414454,0.08490661389131021,0.8768043944432754
26764,0.06623248258735144,0.11431368704077266,0.8194538303718758
26765,0.07271250469769847,0.09818720462412454,0.8291002906781769
26766,0.06020595525585921,0.4942409561064398,0.44555308863770104
26767,0.07541991810605092,0.126199638056502,0.7983804438374471
26768,0.09092789143271048,0.8922230016830551,0.01684910688423431
26769,0.40500863459761427,0.1214412184805003,0.4735501469218854
26770,0.04346515831887203,0.07792228224080336,0.8786125594403248
26771,0.20005718611363443,0.7762017126898091,0.023741101196556594
26772,0.46672916823035787,0.07150310307190513,0.46176772869773697
26773,0.1176084189823145,0.1574400521350911,0.7249515288825945
26774,0.10974116558161441,0.16554645903954318,0.7247123753788424
26775,0.057868864330188084,0.2332629822112671,0.7088681534585448
26776,0.04945530355649138,0.09372967662173452,0.8568150198217742
26777,0.03865819346628269,0.05096989938191263,0.9103719071518047
26778,0.04529202822063652,0.08681024296143496,0.8678977288179285
26779,0.0496892502064322,0.1327527196271067,0.8175580301664611
26780,0.047671151846197544,0.0811847348487971,0.8711441133050054
26781,0.054602228159410134,0.14792447836077216,0.7974732934798179
26782,0.04595235111613864,0.07900886428804874,0.8750387845958127
26783,0.16405184871599873,0.1838387188684483,0.652109432415553
26784,0.052026337722861415,0.5743518499516084,0.37362181232553027
26785,0.06244273922784289,0.14060407473642583,0.7969531860357313
26786,0.36632901665464446,0.11370372196568498,0.5199672613796705
26787,0.05462356073331142,0.09703643486733875,0.8483400043993498
26788,0.1978150363997486,0.24583410721007976,0.5563508563901716
26789,0.05702931395695856,0.4780784874415243,0.4648921986015171
26790,0.06639013128418643,0.13415150229360628,0.7994583664222074
26791,0.03912499120448914,0.07411965378611043,0.8867553550094006
26792,0.07309346173962052,0.12943791133716884,0.7974686269232107
26793,0.06642671071265997,0.14718626650879674,0.7863870227785433
26794,0.06587548144407555,0.11542953850217821,0.8186949800537463
26795,0.07099862876084029,0.21369106201557977,0.71531030922358
26796,0.1165579039300211,0.8780564611010176,0.0053856349689612205
26797,0.06321791392744387,0.2675363101735997,0.6692457758989564
26798,0.5796924419636154,0.08144587451012938,0.33886168352625523
26799,0.23893764699279957,0.10441677753554511,0.6566455754716553
26800,0.09501498645361743,0.8851510252370521,0.019833988309330305
26801,0.05185018234376467,0.5200952793778514,0.42805453827838397
26802,0.11792224366120219,0.16036949328256914,0.7217082630562287
26803,0.052801820909756866,0.17293258416424867,0.7742655949259946
26804,0.052461663973162945,0.2542509281063293,0.6932874079205078
26805,0.04278121110856609,0.09661058328993925,0.8606082056014945
26806,0.12473566623550614,0.23915452351417435,0.6361098102503195
26807,0.04210154774383128,0.07834156706362719,0.8795568851925415
26808,0.05473739536843231,0.16996527553155055,0.775297329100017
26809,0.05988412042857278,0.21782454452445738,0.7222913350469701
26810,0.05348791012421295,0.2809580650562275,0.6655540248195596
26811,0.038198662041255244,0.09071487043364304,0.8710864675251017
26812,0.03693357779580798,0.07264525168814688,0.8904211705160452
26813,0.08500914996844855,0.45628141169952385,0.4587094383320276
26814,0.10715424164800322,0.1640784840483178,0.7287672743036789
26815,0.098538262350597,0.1367134710211918,0.7647482666282113
26816,0.08943531696422032,0.22301388003786324,0.6875508029979165
26817,0.04538670253855589,0.058232640911919285,0.8963806565495248
26818,0.2603613239194908,0.15602371810514423,0.5836149579753649
26819,0.11038202888898253,0.2327910186303186,0.6568269524806989
26820,0.12888800664943148,0.845644836839333,0.025467156511235454
26821,0.0768963867064114,0.9104444047232659,0.01265920857032281
26822,0.07244208432157594,0.4056922139841555,0.5218657016942685
26823,0.05452870416856387,0.08386387981802729,0.8616074160134087
26824,0.10917524458218741,0.11597054623248446,0.7748542091853282
26825,0.038243789861021074,0.08020325202486624,0.8815529581141125
26826,0.05360394767497836,0.09696566122628492,0.8494303910987367
26827,0.10019161751959742,0.153418311192374,0.7463900712880286
26828,0.09398203401008101,0.169514047217847,0.736503918772072
26829,0.048413293413791414,0.0913573960464582,0.8602293105397505
26830,0.04132293797489278,0.08222635290453435,0.8764507091205729
26831,0.0554262674684707,0.14407476118440077,0.8004989713471286
26832,0.031793491886182544,0.07856402755187794,0.8896424805619395
26833,0.05819369816077563,0.13304200833286242,0.8087642935063618
26834,0.054604000137384395,0.13972464298091236,0.8056713568817032
26835,0.6593159047420124,0.09389674051028248,0.24678735474770522
26836,0.11955499539556601,0.33868315400251053,0.5417618506019235
26837,0.10286995768575899,0.09024816982035223,0.8068818724938888
26838,0.17942713673357621,0.23619671347004434,0.5843761497963795
26839,0.6455746943106845,0.08867853407397108,0.2657467716153445
26840,0.08954461546010416,0.1730762681344188,0.737379116405477
26841,0.04638591979133105,0.07625874757964021,0.8773553326290287
26842,0.05651504316801824,0.2311687742759308,0.712316182556051
26843,0.0975837796466062,0.14782577051783968,0.754590449835554
26844,0.05059159172335968,0.6933564504019366,0.25605195787470364
26845,0.3935846711410616,0.09076218973763567,0.5156531391213026
26846,0.05115204300590003,0.10619921756793847,0.8426487394261615
26847,0.10471721684805377,0.1948876272461891,0.7003951559057572
26848,0.19416532873725653,0.10671984600894702,0.6991148252537965
26849,0.26088407609002234,0.16462115337609765,0.5744947705338801
26850,0.106065944344359,0.21453349721658194,0.679400558439059
26851,0.10042321969154638,0.13947444049810304,0.7601023398103506
26852,0.049472787055701135,0.6317625743135821,0.3187646386307168
26853,0.04338696515909538,0.07800632958955299,0.8786067052513515
26854,0.08596752354107112,0.9017240437550396,0.012308432703889299
26855,0.06561343569210842,0.17188430750420716,0.7625022568036843
26856,0.12762585468475215,0.10697381080818526,0.7654003345070627
26857,0.0709297903385078,0.4285023980157187,0.5005678116457735
26858,0.03188891060001586,0.8365848830083946,0.13152620639158974
26859,0.04595725411415692,0.6151432543322448,0.3388994915535983
26860,0.044315723939786514,0.7047273306995834,0.25095694536063007
26861,0.0711941842944515,0.23864902376215194,0.6901567919433966
26862,0.06617029457272852,0.10038449150065527,0.8334452139266163
26863,0.05011068925854221,0.12966501105449904,0.8202242996869588
26864,0.07960277673381952,0.27399812584369354,0.6463990974224869
26865,0.06307965737932329,0.2112861650317112,0.7256341775889655
26866,0.050725910801752615,0.15159126752177435,0.7976828216764731
26867,0.05520695416169317,0.08360342719135336,0.8611896186469533
26868,0.057581172607119965,0.1022593011445498,0.8401595262483301
26869,0.03491260207360416,0.04502296516265599,0.9200644327637398
26870,0.0375055069169573,0.7739503505059023,0.18854414257714042
26871,0.42988250461129635,0.11897533666827695,0.4511421587204267
26872,0.04464376553304815,0.09518548570295625,0.8601707487639958
26873,0.05885325373240565,0.16419233073625916,0.7769544155313349
26874,0.058420949880595305,0.38486631596820886,0.5567127341511958
26875,0.09824184692005448,0.2090760958946539,0.6926820571852914
26876,0.05135210217374673,0.06834451265453934,0.880303385171714
26877,0.048139475906520374,0.0809774741766425,0.8708830499168371
26878,0.1139596080606522,0.14319621480022665,0.7428441771391211
26879,0.07191231079301183,0.2201062192296204,0.7079814699773678
26880,0.13434284756151313,0.10055524487291849,0.7651019075655684
26881,0.037184517233087,0.08896040097556883,0.8738550817913442
26882,0.5650216777566339,0.08905331255330257,0.34592500969006357
26883,0.04554692433164947,0.08880145852143077,0.8656516171469197
26884,0.05926307727682163,0.431326531381851,0.5094103913413273
26885,0.11934625105233129,0.1355173501294031,0.7451363988182657
26886,0.04013336900775125,0.08589760448893158,0.8739690265033172
26887,0.05860075806163116,0.11268159115356699,0.8287176507848016
26888,0.1446677652627135,0.16231964171559024,0.6930125930216962
26889,0.037238501038021406,0.07957377626713162,0.8831877226948471
26890,0.062118866450119575,0.24641866155508638,0.6914624719947942
26891,0.05451515665971213,0.5902280569082313,0.3552567864320566
26892,0.0680192850456272,0.09232293287973867,0.839657782074634
26893,0.04783625595843105,0.07619908364597222,0.875964660395597
26894,0.04799621696561961,0.10800851627799582,0.8439952667563846
26895,0.07695109588732807,0.44197364335510153,0.4810752607575704
26896,0.060255513854826116,0.08813273264963979,0.8516117534955342
26897,0.06316397504467322,0.16836990562947288,0.7684661193258538
26898,0.043512921204664025,0.07651070503163597,0.8799763737637001
26899,0.11755190579333882,0.13448222275076863,0.7479658714558926
26900,0.0564566103336913,0.19559177985871432,0.7479516098075946
26901,0.0666643976546619,0.24524705100943467,0.6880885513359034
26902,0.04564758617675069,0.05613084761659239,0.8982215662066569
26903,0.06818894795988359,0.20989816894068286,0.7219128830994335
26904,0.6437891484281668,0.33080067082711795,0.02541018074471535
26905,0.06051001723945715,0.11474505281671861,0.8247449299438242
26906,0.04438962794992842,0.10891780345247404,0.8466925685975975
26907,0.03540640763840175,0.059165621403085004,0.9054279709585132
26908,0.05194670036812498,0.1280821825101968,0.8199711171216781
26909,0.0503906964095255,0.6130087572126593,0.3366005463778151
26910,0.0944568970465818,0.19892472397747712,0.706618378975941
26911,0.05145179491996834,0.08542182309796376,0.8631263819820679
26912,0.04306177016226613,0.10163847550782211,0.8552997543299119
26913,0.2938043436842804,0.15216268232115512,0.5540329739945644
26914,0.04704846665637899,0.1338110849278137,0.8191404484158072
26915,0.09814438072069737,0.13911634711219936,0.7627392721671031
26916,0.2094340517634907,0.7776628053564076,0.01290314288010165
26917,0.06276135745633786,0.15867232488881636,0.7785663176548459
26918,0.06527460361677606,0.1010243960990612,0.8337010002841627
26919,0.47694120794254363,0.12116989898212914,0.4018888930753274
26920,0.058250635615361826,0.21228951322749395,0.7294598511571442
26921,0.05811245507378173,0.6083557427210606,0.33353180220515755
26922,0.07017240157326406,0.4491832034989382,0.48064439492779765
26923,0.0434380517528276,0.07255785020145017,0.8840040980457221
26924,0.05499539884010961,0.12376441780598008,0.8212401833539102
26925,0.04880204276132267,0.07752886823197537,0.8736690890067019
26926,0.10479311427437871,0.23808039746028173,0.6571264882653395
26927,0.06665775270537573,0.10212005896610656,0.8312221883285176
26928,0.05447008803954581,0.9338165853952547,0.011713326565199602
26929,0.04849997416534704,0.10875889121620104,0.842741134618452
26930,0.03858387017825338,0.7068163847455028,0.2545997450762439
26931,0.14525969670206454,0.8338134701059232,0.02092683319201235
26932,0.046398685682745466,0.6711662957505481,0.2824350185667065
26933,0.4593485465183388,0.10663183533789475,0.43401961814376644
26934,0.06849513552352997,0.10122291699913379,0.8302819474773364
26935,0.05209507339207905,0.1431575077706787,0.8047474188372423
26936,0.043573549554672186,0.11850667101102635,0.8379197794343014
26937,0.12406757862058031,0.16928006157434966,0.70665235980507
26938,0.1951676266761528,0.7892676238106283,0.01556474951321899
26939,0.6322891526095975,0.3413636613226212,0.026347186067781355
26940,0.10343942481299825,0.14509690250259444,0.7514636726844074
26941,0.09734437681535883,0.2207413850266692,0.6819142381579718
26942,0.05604263092004663,0.10290800401292104,0.8410493650670323
26943,0.05409731962193362,0.39754779022795617,0.5483548901501101
26944,0.06752475442794403,0.09650437857540295,0.835970866996653
26945,0.07616993818717671,0.4589597050225912,0.46487035679023214
26946,0.04665645870080853,0.08674341067861574,0.8666001306205757
26947,0.06045875809372615,0.1523784189774505,0.7871628229288233
26948,0.07888715297041593,0.39392206458497314,0.5271907824446109
26949,0.33584483274769783,0.11803176620638292,0.5461234010459192
26950,0.18807354139350832,0.1412772787499138,0.6706491798565779
26951,0.3939355488700282,0.36619481507696544,0.23986963605300649
26952,0.11565724598228874,0.21742564220918187,0.6669171118085294
26953,0.11783868708879343,0.07952113082045205,0.8026401820907546
26954,0.05825798705235805,0.1358955217617305,0.8058464911859115
26955,0.04318073990917967,0.6204257053726584,0.33639355471816196
26956,0.15611173173133788,0.2362239105206112,0.6076643577480509
26957,0.6859876867442608,0.09094610600998525,0.22306620724575393
26958,0.2654575915380879,0.12038899988836077,0.6141534085735514
26959,0.05321345749762926,0.1334726106892441,0.8133139318131266
26960,0.05902117529629984,0.1702210076626939,0.7707578170410061
26961,0.05198168157120302,0.12342217247789225,0.8245961459509048
26962,0.05483843432521355,0.627881136828253,0.31728042884653335
26963,0.3954747542047099,0.11145706113406605,0.4930681846612239
26964,0.09767084825750855,0.14076422779749498,0.7615649239449965
26965,0.03791564413164824,0.701368842222699,0.26071551364565276
26966,0.060255513854826116,0.08813273264963979,0.8516117534955342
26967,0.043940895128412046,0.09009881137944045,0.8659602934921474
26968,0.10623071715117678,0.17048705489119445,0.7232822279576289
26969,0.05454805438179931,0.06917193447065824,0.8762800111475426
26970,0.04812757324265025,0.1048234418767328,0.847048984880617
26971,0.06326524771687955,0.25554457683810944,0.6811901754450109
26972,0.15559907168838524,0.2835424480958614,0.5608584802157534
26973,0.09821172382467232,0.1752699049600065,0.7265183712153211
26974,0.03676030582968663,0.07419749988721955,0.8890421942830936
26975,0.04421773650765384,0.0734391031214761,0.88234316037087
26976,0.14981341434631984,0.8151572262792591,0.03502935937442115
26977,0.11111286661431571,0.1863213687873781,0.7025657645983062
26978,0.04552307257406161,0.11915777525339002,0.8353191521725484
26979,0.11967405783295484,0.2494657549737598,0.6308601871932853
26980,0.05920363645067403,0.1725224080293086,0.7682739555200172
26981,0.07101133808919632,0.4048873624829558,0.5241012994278479
26982,0.04946599847936843,0.10901608458516716,0.8415179169354645
26983,0.10354318864970587,0.1725803403121015,0.7238764710381925
26984,0.07244102030296774,0.21969977371654348,0.7078592059804888
26985,0.07343570080462113,0.4644311058089347,0.4621331933864442
26986,0.09843536772392085,0.1162561829617132,0.7853084493143662
26987,0.038354582324835455,0.7677496786996674,0.19389573897549714
26988,0.12266980350996494,0.27284994758552994,0.6044802489045051
26989,0.049493348796681214,0.6180128335450028,0.3324938176583162
26990,0.03807869473558494,0.08334997110393974,0.8785713341604754
26991,0.04166078806183228,0.07254637837966842,0.8857928335584995
26992,0.10810257977175645,0.6142273784385,0.27767004178974364
26993,0.0352275955262846,0.07861276305351912,0.8861596414201962
26994,0.10679133278156577,0.1474254516110124,0.7457832156074219
26995,0.05753687762599823,0.21277716408712158,0.7296859582868802
26996,0.042811749006147634,0.07462896484135899,0.8825592861524933
26997,0.2347892376755425,0.41013566775146726,0.35507509457299025
26998,0.48973776277906367,0.0955360491658113,0.41472618805512507
26999,0.5831473235517252,0.08902331254546834,0.3278293639028064
27000,0.06146453622743315,0.4543414422837383,0.4841940214888287
27001,0.06626548033624095,0.2937374156560765,0.6399971040076824
27002,0.05865354794114014,0.22978866643902512,0.7115577856198348
27003,0.07305337981023291,0.1405531342803968,0.7863934859093704
27004,0.2594900740972564,0.13471738454274787,0.6057925413599958
27005,0.06448525235763512,0.25187626618161185,0.6836384814607531
27006,0.05427547223068592,0.08545459775875915,0.8602699300105549
27007,0.08812807555291201,0.7188342923168641,0.19303763213022393
27008,0.0640290724305974,0.21357978362125737,0.7223911439481452
27009,0.052566058432362915,0.14234902902710644,0.8050849125405306
27010,0.03581494161993047,0.068351037139321,0.8958340212407487
27011,0.11931558908160633,0.5449159492444517,0.3357684616739418
27012,0.05352145408493107,0.07714194291857819,0.8693366029964908
27013,0.20067097943434567,0.13460396792436669,0.6647250526412877
27014,0.11175857480564795,0.44511656528952503,0.44312485990482703
27015,0.09392422223113103,0.49245202146240474,0.41362375630646425
27016,0.058364601832224125,0.08447822432397326,0.8571571738438026
27017,0.05387048380766991,0.09737106760993754,0.8487584485823926
27018,0.12383242613636518,0.11967114618303933,0.7564964276805954
27019,0.0968190880385208,0.1669563850633236,0.7362245268981555
27020,0.06537671303483028,0.23738432984538355,0.6972389571197861
27021,0.0676110456732352,0.3402837546118602,0.5921051997149046
27022,0.03527522750361408,0.0632398318765307,0.9014849406198552
27023,0.15465170947250798,0.28799551754869224,0.5573527729787998
27024,0.1096987477327717,0.20147400746642435,0.6888272448008039
27025,0.23773883873204865,0.10103140742531729,0.661229753842634
27026,0.039819754586894435,0.0819950826795845,0.878185162733521
27027,0.10110581555721132,0.09260693167185775,0.806287252770931
27028,0.5501349774280353,0.08619480439764164,0.36367021817432305
27029,0.04948320434921123,0.09852327016405629,0.8519935254867324
27030,0.17379277656186118,0.5155752450886398,0.31063197834949896
27031,0.46029317349706067,0.24531588177149954,0.2943909447314399
27032,0.37940492830699646,0.130977064277252,0.48961800741575157
27033,0.06853738950020598,0.10203538205542917,0.8294272284443649
27034,0.09250061241140597,0.1618872923751855,0.7456120952134084
27035,0.6597970340996694,0.09410157537556678,0.24610139052476382
27036,0.1061221459702424,0.1501090899431892,0.7437687640865684
27037,0.23823967494614715,0.4327232348851095,0.3290370901687433
27038,0.04726327941040493,0.06891597912316318,0.8838207414664319
27039,0.22150228515682238,0.1440917644375221,0.6344059504056555
27040,0.061388388223193494,0.1018807248376617,0.8367308869391448
27041,0.04246992466987395,0.0671339254469992,0.8903961498831269
27042,0.19225135438813054,0.7824466984592725,0.025301947152596885
27043,0.04956427018639946,0.07819337853250588,0.8722423512810948
27044,0.048126055788583234,0.07809732831421992,0.8737766158971969
27045,0.09389146150636488,0.13459888627641464,0.7715096522172206
27046,0.06693234675456024,0.10628703796290488,0.8267806152825349
27047,0.09929199938074207,0.5374708412898587,0.3632371593293993
27048,0.2964048820348799,0.6969593442425567,0.006635773722563286
27049,0.16820591437977103,0.42704868825068926,0.40474539736953963
27050,0.04893432430760187,0.09625141159056338,0.8548142641018347
27051,0.1006284290688951,0.33952618957933633,0.5598453813517685
27052,0.049316808774815694,0.0768282870932151,0.8738549041319692
27053,0.060654267940891904,0.212949451310581,0.726396280748527
27054,0.06373113113277545,0.11460259900070759,0.8216662698665169
27055,0.199137751910937,0.7856018271075885,0.01526042098147449
27056,0.2225634478383301,0.7626574478627246,0.014779104298945281
27057,0.06992762727462211,0.42371422037118833,0.5063581523541896
27058,0.5211878770869606,0.11687277462847079,0.36193934828456864
27059,0.06996714522682977,0.1378542154693218,0.7921786393038485
27060,0.059187200997766407,0.13061563858371733,0.8101971604185163
27061,0.4266773181784997,0.14735992096692696,0.4259627608545734
27062,0.18641941603077972,0.11192374526413348,0.7016568387050869
27063,0.044000788859613005,0.07810109636946395,0.877898114770923
27064,0.033942183510449156,0.059095243576659004,0.9069625729128917
27065,0.05762988621749347,0.4584961959805491,0.4838739178019574
27066,0.03318798128894742,0.07307140908967154,0.8937406096213811
27067,0.049551762020723505,0.10974525275747647,0.8407029852218
27068,0.5574754695058916,0.08640463763816683,0.35611989285594164
27069,0.0462001745392964,0.0888904829516649,0.8649093425090388
27070,0.051740281767017164,0.07661555974668594,0.8716441584862968
27071,0.05473033888825263,0.08054263703282027,0.8647270240789272
27072,0.06499995344501867,0.2612658974628514,0.67373414909213
27073,0.12637806604129326,0.19813139307412223,0.6754905408845845
27074,0.1225660744067071,0.3405121411239742,0.5369217844693187
